C6H3

298             0.000000          293.011536
300             0.140705          293.482004
400             8.842934          318.371245
500            19.512189          342.103656
600            31.828471          364.517949
700            45.453552          385.498411
800            60.079582          405.015850
900            75.477691          423.144188
1000           91.546593          440.068258
1100          108.185300          455.923264
1200          125.248635          470.767759
1300          142.696003          484.731157
1400          160.489553          497.916095
1500          178.594088          510.405766
1600          196.976970          522.268894
1700          215.608026          533.563185
1800          234.459458          544.337800
1900          253.505743          554.635151
2000          272.723548          564.492245
2100          292.091629          573.941685
2200          311.590743          583.012456
2300          331.203551          591.730521
2400          350.914527          600.119299
2500          370.709862          608.200041
2600          390.577375          615.992136
2700          410.506414          623.513353
2800          430.487767          630.780047
2900          450.513565          637.807322
3000          470.577194          644.609170
3100          490.673194          651.198586
3200          510.797173          657.587666
3300          530.945709          663.787686
3400          551.116258          669.809177
3500          571.307060          675.661980
3600          591.517046          681.355298
3700          611.745746          686.897742
3800          631.993194          692.297370
3900          652.259832          697.561717
4000          672.546423          702.697827
4100          692.853953          707.712275
4200          713.183537          712.611196
4300          733.536330          717.400299
4400          753.913427          722.084884
4500          774.315777          726.669864
4600          794.744083          731.159772
4700          815.198715          735.558777
4800          835.679609          739.870694
4900          856.186181          744.098994
5000          876.717229          748.246813
5100          897.270840          752.316961
5200          917.844298          756.311927
5300          938.433992          760.233888
5400          959.035319          764.084713
5500          979.642591          767.865969
5600         1000.248944          771.578927
5700         1020.846245          775.224566
5800         1041.424994          778.803575
5900         1061.974236          782.316360
6000         1082.481464          785.763046
